600111
600010
600362
600489
601618
600019
601808
000703
601600
601216
601899
600547
002129
603993
600028
000876
601872
600989
002044
601088
000708
601919
002157
601985
601117
601857
600011
000961
603799
002153
000627
601939
002241
601398
002001
000963
688009
600383
001979
600050
000656
600048
600606
600522
600027
601669
600795
002460
002202
600115
601766
600655
688012
000725
601998
601288
601698
601390
000069
600346
002601
002773
600297
601601
003816
601077
601988
002422
601989
000671
601328
601800
300498
601668
603156
601198
601916
600705
600352
600025
600018
601169
600369
600015
600390
601006
601186
002230
601607
600886
600332
600208
600104
600068
600016
002958
002146
600009
600487
601009
600482
601211
600745
600161
600637
000723
601155
000783
002024
600271
000728
000002
600004
002916
601933
600585
002049
601319
600919
600299
002463
600183
601111
000166
600029
002456
600233
600498
601727
600998
601818
002736
000063
002939
002600
002252
601838
601555
600837
600150
603195
601162
601336
601229
601816
300144
603160
600061
002032
000425
601688
600958
600570
000938
600177
601236
601318
601238
600118
002384
601658
601990
002558
600196
002714
600309
601138
601881
600918
002673
601628
603019
688008
002602
000776
600438
002945
600036
600848
601901
002841
600600
600588
002120
002007
600176
600900
601377
601108
601360
603658
000895
002475
002414
000100
600000
601877
300142
601225
300136
002371
600845
000625
000066
601231
600085
600030
600584
002624
601788
300433
601878
300676
000977
002008
002493
300529
002311
000786
600887
002938
601021
601166
603087
601696
000338
600066
600031
300014
601066
300124
300408
603833
002739
600872
603986
002508
002607
000651
600109
300003
603288
300413
603899
600999
000768
002050
000860
002142
000157
601577
300033
600406
600276
002415
000661
300122
002236
002555
603501
601633
002812
002027
300628
600926
600703
002410
000001
000596
300601
600660
002594
601012
002352
600519
300015
600436
002821
603369
000538
000333
600760
002179
600741
002271
600893
002304
300059
601888
000568
603259
300347
000858
600690
601100
600340
603392
600763
600809
688036